DriveForwardFiveFeet
33.0
-7.0
3.141592653589793
0.0
10.0
28.0
-7.0
-3.141592653589793
0.0
10.0
TrenchRunEpisodeI
25.35
-10.35
-2.824326374067967
0.0
10.0
30.65
-6.85
-3.141592653589793
10.0
10.0
25.35
-10.35
-2.824326374067967
10.0
10.0
17.5
-11.25
3.141592653589793
0.0
10.0
SneakyPete
31.0
11.2
3.141592653589793
0.0
10.0
23.0
11.25
-3.141592653589793
10.0
10.0
31.0
11.2
3.141592653589793
0.0
10.0
SneakyPetePart2
23.0
11.25
-3.141592653589793
0.0
10.0
26.74
8.24
2.0344439357957027
10.0
10.0
27.15
0.43
1.6220334941983154
10.0
10.0
30.83
-4.83
2.920278211242002
0.0
10.0
TrenchRunEpisodeII
17.5
-11.25
-3.141592653589793
0.0
10.0
30.65
-6.85
-3.141592653589793
0.0
10.0
GeneratorSnatchPart1
32.18
-3.44
-3.141592653589793
0.0
10.0
24.82
-0.02
-2.7557099841917196
10.0
10.0
28.09
-1.26
2.2073045425828477
10.0
10.0
32.14
-7.34
2.916881485175151
10.0
10.0
27.15
-7.15
-3.141592653589793
10.0
10.0
22.79
-5.61
1.9576712447797158
0.0
10.0
GeneratorSnatchPart2
22.79
-5.61
1.9576712447797158
0.0
10.0
27.26
-6.89
-2.860360451671498
10.0
10.0
32.07
-5.58
-3.141592653589793
0.0
10.0
GenTrenchPart1
30.79
-10.38
3.1353034283370858
0.0
10.0
18.06
-11.28
3.1353034283370858
10.0
10.0
27.08
-11.36
2.782821983319221
10.0
10.0
22.87
-5.54
1.9416875194899517
0.0
10.0
GenTrenchPArt2
22.87
-5.54
1.9416875194899517
0.0
10.0
27.38
-6.93
-2.8732264426838863
10.0
10.0
30.79
-5.28
-3.141592653589793
0.0
10.0
